Layers
65
30
10
1

Weights
Layer 0
-0.7900806628710345
-0.6942012334867064
-0.16132699027082986
-0.7439292283788015
-0.8322660713841722
1.7946274954666
1.4931601995307624
-1.701709260605147
-0.9694848712777961
-0.07659695958896719
0.116429410784973
1.8470545176965627
-0.23003274936231013
-0.7130101346464602
0.3228765937659131
0.6217044303224938
-0.5037069689417453
-0.21859177066511218
0.8090426550183024
0.9111097521542212
0.19413984723451638
1.2446550220681507
-0.007073815960252279
0.5771035903406131
1.7843983371395478
-0.8035368393940467
-0.056421555376583436
-1.2438794257072665
-0.1846736004295675
0.35011926711418256
-0.00987577856050839
1.7474713102380846
0.02665976278797243
0.28343472835571754
0.9593944235511879
0.4687178472304601
1.3935164013916073
1.4774742432357109
0.5535531760594684
1.4392171538695486
-0.3819008168898711
1.1952082743926917
-0.13034175764989633
-0.999171314606105
-0.7391149335622594
-0.8669261083251725
-0.3630216091759269
0.27483170940947377
0.497855397061747
-0.30486633963176035
-1.22433092287762
0.7321851986843484
2.2338975470135884
-0.7912474844413031
-0.4272847656064134
0.17369829471770865
0.18641446649308102
-1.4543042907831514
1.305855136370394
-1.0629524249973934
-0.866495759146238
-0.4920223865731972
0.1833429427956421
0.5623062698812443
-1.1729742810342223

0.1984699146476078
1.3245751256306668
-1.7576295670433013
1.079166463338599
-0.27154406700888034
0.17335749485074722
-1.1698042002235336
0.6456544094256246
-0.6941369492608652
1.243378727950486
0.1500566009034084
-0.5796583612090226
-1.5115474144394059
0.43230214833954483
-0.057761822426882235
-0.0866156456159595
0.16371896757843177
0.257554609204099
0.07685912027855964
1.509548660973811
-0.23059130953259419
1.1255789864069274
0.2759031545307387
-0.13491332350367605
-1.8600669995398504
1.3935859303065612
1.2106328289994115
-1.7363406901481238
-0.9678404250228403
0.05741912998549435
-0.6416659818099041
-0.06403783385489471
-0.2699011525923718
-1.3411876889665726
1.398234824438623
-1.6434345691874195
-0.7020843389341079
0.7078905250996533
0.19528896747539817
1.2407479255796428
-0.07931763597990704
-1.0791911259799705
-0.12050809999038503
-2.2697978462167723
-0.43490812449986077
-1.3833655903092046
-1.682545589095094
0.017643296625668246
0.8881619915834812
-0.1056123435241957
0.8641547424278457
0.5377447793918194
0.10718138088004352
-1.643460327900497
-0.2176565852836111
-0.5649505735682064
-0.27306014677019
-1.026971863931899
0.7113165209695903
-0.5828813400548274
-1.1820152991910502
-2.593490274150852
0.3761514879813554
-1.2103239250862456
0.0720946414175309

-0.5733606869588772
-0.5192977915357797
-0.47556432395372567
-0.031490611355729926
0.16808630532732224
-0.4223252355961564
-1.456918416744635
0.42222639015639646
0.32852448141434526
-0.8836932807852075
-0.06502640161666075
-0.336909358607559
0.75108422704109
1.4926048899195952
-0.4846264944080621
0.5886668050730155
1.1518942572770716
-0.46129085860574937
0.7290081161620697
0.27012188473062565
1.016576715288621
-0.5906585041711585
0.36449874918198777
0.7408238404864971
1.2030243802150276
0.8961772146063436
-2.904336608103202
-0.16086385281195284
0.5914442330739043
0.5463100701877698
2.20480492254672
-2.530934721281498
-0.5226015174220796
-0.1963242884267766
-2.0187416067728865
-1.6138322061359878
-1.5507871643737647
1.3421295328373943
0.625574122734667
-1.0491074608839945
1.8460212485469563
0.7141085730680976
1.491003967066407
1.440700679152765
-1.1722524995656454
0.6798454209121964
1.0675197705192683
0.0806067824114859
0.6507121429184586
1.2109814512434782
0.16273299243313014
-0.3650026521636849
0.6176868214394245
-0.16426840201811055
-0.5916560766339708
0.022038389589469846
0.8414476312046588
0.4075424983776223
0.08616552389998099
0.2978483333895703
-1.3444129109393377
0.9156284974260321
-1.1485437251816375
-0.998138224533457
1.2476424270912272

0.5634286668837437
-0.08764123145897401
1.2556045819710477
1.6959897814951672
-0.13896730877700741
1.417134125646186
0.2136670734338571
-0.8757818053732158
0.5634485906993525
-0.3253178322074589
-0.13062407607443974
-0.0036527921517083718
0.5268324885644232
1.9676393951915683
1.324771113107754
0.22057895172880548
0.9518706341178399
-0.06520092932785111
-0.5256249955906187
1.640228334773199
1.0806013263667311
0.027938123296151904
0.6758426467258125
-1.096882479774512
0.527465654468075
-0.5009931881518571
-0.7796301468903664
-0.7161828342763115
-1.017381194154579
0.552521775786524
2.3308869467422295
0.17290103206412896
0.5544223213202936
-0.9650771430969387
-0.28945223296423106
-0.49585264243984023
0.1375668069419009
-1.1243941469446426
-1.9844015401101058
-1.6469876440899216
-0.3846417094233192
-0.22813475013475037
3.0740504739754955
-1.0965064715051533
2.096519558840561
-0.9084185215784435
-0.7436540173917587
-0.16521022163834356
-1.8593452974452065
-0.5388309822246687
0.3153294594814464
-0.8614782995849222
-1.5404648455996421
-0.5153107820216286
0.8760482305440563
-1.1787924624376973
0.7571959068535256
-0.587185405334331
0.7326495696456128
-0.6848714867163908
-1.700739538751852
0.7391901141608405
-0.07343418646647497
1.2524719659071213
-0.6844145891216766

-1.312621437941033
-0.5130585492642252
-2.2396443704574405
0.6453759858241744
2.310581060845752
-0.19498828341581054
0.5105167343062763
-1.1600316070952117
-0.6481114014294611
1.0118031559010432
-1.5345885398887251
0.7441310768334081
0.4732707645246812
-0.456298736461831
-0.34941867003412513
-2.422200734977242
0.13720314345610982
-0.3084756556678094
1.0311513305321174
-0.39220149249574204
0.5817298836415229
2.6051381160247264
0.10460359521041841
-2.2798484970531834
-0.17419683681993883
-0.6650072249018857
0.7240030103946521
0.6168905119270004
-0.05817065787241635
1.476702321816789
0.6497414673342101
0.17142680398750174
0.5205444763415297
0.17529802575645614
0.6227251622570145
0.2710126800517127
-1.7613967972502012
-0.2470302748579306
-0.9200377861120806
0.11749178336777114
-0.8288115708503485
0.2153456023118897
0.26906964312534865
-0.5988495119567804
0.8247728750457096
-0.09720352418829618
1.7083274917767068
0.41671416353450774
-1.0032424404385685
0.4370441478513238
0.6723836007765853
1.4311666619095678
2.7544782236011045
-0.4188544653301844
-0.7307602625226439
-0.039051246547869636
-1.5092932900893936
-0.3792457132283257
0.5969554086140652
-1.9383891128877069
-1.3077538564739444
-1.1622412186361837
-0.7584484400627499
-0.14032891231953434
-1.2768596435490318

-0.24037474716574533
-0.7884413422514367
-1.7484483438920713
-0.3178406694832653
-0.00796100256699575
0.16682475939595734
0.3196967442887416
0.4347790903364017
-0.1644691097006483
0.2917072784200786
-1.378457126840134
0.5062118158589299
-0.517533083663413
-1.2923273345814719
0.051871072217128965
-1.40082536822119
-0.5496219267063054
1.3891154153166763
0.6379283183501716
-0.5783734827468461
1.359512263606932
0.7834199592932387
-0.9534893067969441
0.6293998613220136
-1.1323229128796322
0.7703135544473928
1.2776452499696633
0.3503295203117777
-1.0276990712324827
1.1221133204151932
0.03990442842501855
0.9646890053546099
0.1642239414695153
-0.5463953907893488
-0.6694077961082621
-0.6134102281125005
-0.1189341198025266
-2.386428772053416
-0.8369015500493323
0.4550343314801686
0.6260767141796205
1.146568064253744
1.2880019018104296
-1.568963017438256
-0.10168828254195816
-1.0992297894889196
0.4784869455965954
0.2613914648757681
0.6579791682678083
-1.4455285949863652
0.30311260583348615
1.2376542864745408
-0.13701146190924732
-0.19350438418323387
-1.1406198716467733
1.3152226355817769
-0.9674962376907497
-1.3722447699209435
0.14974433350663482
-0.64415318202449
-0.5496236178835828
2.639742953070051
-0.24467349858973644
-0.06662260680101434
-1.505696517042443

0.38355999071857794
-0.6399102115618338
0.4785240647226224
0.08734586516579614
-0.07669691042134906
-0.07552503004345988
-1.8712341230603462
-0.10852501638764715
-2.0728311711430045
1.0008807150895864
-1.1821488694748754
0.3348169443082315
-0.647688325881964
-0.010263596535326325
-1.3947407383443626
1.1477285783243165
0.8063406077404716
-0.39263725242889697
0.3743856308884643
-2.2356095819963935
-0.6970818224880371
-0.8741270969396424
-0.21417677550928615
2.1670028284043075
0.08343027447834825
-1.0906228531731175
0.4919049005245882
0.13624096596796573
0.7119256135191578
-1.0251440105653908
-1.7301674100693083
0.5851316323846872
1.3320609243464097
1.3804094498855386
-0.2540846679987336
-1.7226279517309995
-0.2247183396033918
0.12287240545450993
-2.161155356662006
2.283525759626196
0.2734519690538572
-1.3557381778755715
0.8988816316352382
-0.5440743238063916
-1.20588350231365
-0.1211949564652301
0.8046045243473625
0.5980424210467808
0.13360366109410426
1.0091532338190334
-0.42850579947785056
-1.9442630249608643
1.6783742145464637
-1.3903410187627885
-0.714164510104454
-0.048613982215215464
-0.5797192572758552
0.9939959451915603
0.9891707705696169
1.1626407396344638
0.9082841952938676
-0.05396644008953648
2.499823322325411
0.8448353397321623
0.2540206383086375

-0.24054384628017805
-1.9898675546567555
-0.9752119363365229
-0.30194367632585084
0.29308336274403607
-0.24508380731384297
-0.2728395019381249
1.0876160052908146
0.9669734185687214
-0.3596331833628968
1.845166108639663
0.38499343824995075
0.6070144745287122
0.08080313974232743
0.3993448634519101
-0.2918318334949407
-0.21085502108556425
-0.471135969107366
-1.2132363584611192
-1.1378970012376493
-1.0087529567549456
-0.7296963507474487
0.5313999397494668
0.8252014580416172
-0.13369587004230116
-0.4045892115540161
-0.736839334254797
1.269601335314787
-0.8534775743540252
0.24938461004466506
-0.588953941748027
-0.07365114589237236
0.3632722025545139
-0.4772459629525769
0.2615079716099738
-0.1486036734134722
-0.2696101131845136
0.05889977164601392
-0.06456847232714134
0.363640066551752
0.6742814479569419
0.24409513991848877
0.21597613127126125
-1.5229957845094222
-0.14027053211584134
0.24363592588095784
-0.13601596073684522
-0.8362497865838493
1.6441694143016323
0.623671036417123
0.6589760287656689
0.36749848451665595
0.4030137257416696
0.031977644840064226
-1.0978229147203535
0.29893160859966866
0.11085443958735547
0.8211472603681672
1.1411465413792243
1.366367886347287
-1.207770336196773
0.32065490122238965
-0.9625628396774095
0.6235609993687006
0.32991448371453286

-0.04712331947896086
-1.6849257948467224
-0.6337231523031102
1.5152774208297062
-1.3679915953064108
-1.697355454244164
-0.27374061888162604
0.15588258990087406
-0.9879231954714752
0.22270382153135446
0.34330897841340446
0.9278747768205057
-0.35352667637803176
0.6789167314902624
0.9804364073731389
0.9900557409125912
-0.37222793313947006
0.7248416304758312
-0.879514683345541
-0.5674887240268073
-1.3066860956460655
1.0967086608394754
-0.997523032149661
0.6312780538364219
-0.6136950149864722
-0.06830741625649495
-0.7403992160997277
1.2052300030262448
0.16191421513467177
-0.1576691865217801
-0.7064377942367243
0.40318073090137896
0.28107914227779884
0.14095674707693595
-1.744058024095543
-0.42130310041239344
-0.24504153026314396
0.28669407262661395
-0.48152186848451645
-1.3995819429458767
-0.39339954051058074
-0.471585698557246
1.3410606194476342
0.6119321598257146
0.5438043366421063
-0.3223446911957774
-0.4767321054791027
-2.1144921988432763
1.24302955706694
-1.0860730259149909
-0.02164704841499181
0.8653839397604863
-0.4599099439906092
0.5665320385048268
-0.143630068355533
0.44823113656790053
-1.005046215850535
-0.7607393627033765
-0.3861404683683811
-0.10385453682448799
0.12723548539856633
2.1008450267500636
1.0770616056618032
0.008368332167760603
-0.348684580585159

0.5799206191239007
-0.16792393973880015
0.6146080910828371
0.5389238944198224
-0.9539222949157441
0.3381210920928131
-0.017437381656131998
-2.003881164794389
-0.018409912677280843
-0.8146035807309205
-0.13105076090461576
-0.45707773806048474
-0.03310119644447943
-1.112362321201954
-0.25747996895780284
-0.454497778674848
0.45538258472165344
-0.8267967709232613
0.3098338761742736
0.45593164969556826
1.0873178750833024
-0.34054887578196
-2.0552937971354552
0.8398153303289796
0.1761328987437913
0.9062226594847902
-0.5439698460096788
0.7537509436947356
1.5483615327482483
0.8623153513740305
-0.4486279388403542
0.8024205279392632
-1.8151863023019912
-0.08119903084158579
-0.13874224227471527
-0.23113482713920713
-0.381681571949203
0.3510125354871625
0.6672196746698964
-1.504858260405908
-0.4688107452347134
0.8710191036434587
-0.3550816094561065
1.2403189915438269
0.5324988377747866
1.8878544249809066
0.5893144012862223
1.1541103323400779
0.1661228192659257
-0.49946403738276224
0.7277514659392045
-0.6204551855242272
0.8591774146680369
-0.05312525794186166
-0.9927298928568195
0.321551005180203
-0.3472540417811383
-0.4107616633869898
-0.12890994115655913
0.0028767288163011884
1.9847728987076692
0.40704216794820447
0.8419028610649002
2.0104834232855016
-0.1365574946017143

-1.0100505561590902
-0.9002118746991878
-0.3181361062917402
0.5821808683218538
0.5595096589950832
-0.45565383811451776
-0.8136226977394722
2.3184186480908044
-0.3512818695665646
0.807609659342116
0.5324871368064398
0.32550716544595854
-0.05557565551774504
0.7705093040198226
0.15590152548342343
-0.8898173624307483
1.3364916790748
0.28806852903221886
-0.19609339425266736
0.7511285671811702
-1.7580285857026456
-0.6480782614996355
0.6847493327224815
-0.2621469080216995
0.9264833518695477
0.42427049585962506
-0.4933278947552057
-0.3072111944572079
1.5564853226107376
-0.8901338456943192
0.33205439711837786
0.28927719020006487
-0.7762914414097662
0.041882102836683505
-0.34022088793225247
-0.4944800903488565
0.3786807651209926
1.088014844086344
-0.01802393038276155
0.5965723055584471
1.3781531717676676
-1.526096383004252
-0.5224051398915615
0.2718812057593684
-1.1519078295400467
-0.8333995034675357
0.7163795073334291
1.2996409609731687
0.5446005025162444
0.039364329500986624
1.470208419323261
-0.029664855492075808
-0.14177508971592642
-0.16117109308325903
-0.0969218162782832
-0.38585492584828035
1.7566697949375059
1.0349361682276021
1.8153329550983466
0.31256547765959725
0.929288031783933
-1.6969897893759265
1.6456764018716126
1.7306727470858965
0.32039156135860675

-0.875104689164554
0.32226955209366276
1.4395807094193165
1.8232348968666696
-2.3428259435633665
-0.3802589077554899
-0.28516211798508284
-0.685574660385584
1.950150422693617
-0.5992279655974886
1.452185723212916
0.7473265344439657
0.26701449903102065
0.5491946271206337
1.4478713450373177
-0.32734190886517733
0.5667111835955787
1.0222246076905819
-1.4437489239759533
-0.9815323594602933
-0.24816117317889982
-0.9402627508888154
1.910730323057616
-0.6443682167619612
-0.9913911128182822
0.02938247104455076
-0.40389814229127413
1.210751276657644
0.224900621301661
-0.2717273733667828
1.1496555300654052
-1.4761495194292562
1.5353161406109637
-1.1489054399721212
1.0219692578483806
-0.9418761659904642
0.17303300030425112
-0.07733806163540785
-0.22107277923851437
-0.4715398193613055
-1.8551756591839468
0.8002513070995801
0.35233708448510864
-0.01849049735900014
-1.3992953272581146
0.5471555466758857
0.28636467893603634
-1.1426799636075464
0.918360846052906
0.025596996915540342
0.5477068515751744
-0.8223039322647898
-0.006989405562768316
-0.0018492697989290871
0.23182228633301333
-1.063075402675232
0.8214786126765796
0.2573070213431982
-1.2707110307400853
-0.21815151319779957
-0.5481264397603002
0.6719204814373542
0.9878488978325958
-0.49378733649128925
0.19831215347166578

0.5222909929181836
-0.11673567386590358
-0.94351972720482
1.0553423179161752
-0.3690861893119189
1.0201319982248775
-0.2944006560924273
0.4283992208701083
2.2890913380844524
0.09334317951949184
1.2720072568434926
0.1511232744886428
-0.9076835267957377
0.3959407225224854
0.36875239686223626
0.4760906253639741
1.1252116376538164
1.0269379491745707
-0.6970503158116285
-1.0855015239489931
0.12605020899313413
0.45280248233833387
1.1126554177065404
-1.009242753775058
1.4898932366831688
-0.14453062782493475
-0.5330648802427147
0.74630379969365
0.5180259165063353
0.7157861782606865
-0.09390395474299135
1.0158498746160756
-0.71246450232135
-0.5246122906313192
1.9932005707632308
-1.0741217992320744
-0.062293811350043395
0.7423520574245444
0.7788119146585493
-2.3682945495492556
0.09177174170729904
-0.8844888997122456
-0.5951719965245388
0.4479385522325634
-1.1064110858540575
-0.4668728563824307
-0.3415064077739049
0.7801281794028102
0.2444228956141721
0.10564199957494808
-0.20246253685809812
-0.7841586098635812
-0.34648624442402715
-0.4323281736526873
-0.8251175930884563
-0.38738376677421205
0.3459561013160635
0.29160251227112804
1.0264163630875052
-0.12551943681405267
-1.1996477248579898
-0.18156741231706164
0.5182364353042421
0.08910336732511157
0.7020655530306649

0.09866870374526418
-1.7423517655430898
-0.14135610660996023
0.5243661845814439
-0.05920273144655143
-0.14287218348506672
0.15688875463838042
-0.6512859808921562
1.921882608073536
1.3858438702539386
1.489922895451928
0.8411056528059325
-1.9327582965852717
-0.6298838205285667
-1.9144161615598505
0.3182711806826609
-0.17572557820072962
-0.5419963192099643
-1.7274596525241717
-0.46548914370811845
1.406131703625662
-1.631855412492404
1.2635617513509947
0.05634225957517472
-1.5359459841517262
-0.08959684603652125
0.9609102148694648
-0.6950131568375091
-0.5761173313231687
1.876116966031676
0.21927529058804282
0.3867201937961743
0.3569604231190957
-0.041634062870502586
1.421855525429014
2.426596117886522
-0.10397533571061217
-0.14019156016383158
1.5234045406480936
-1.526792466873456
0.27175662266161854
-0.3227477989349612
-0.5488657703451215
-1.4512876480193944
0.9637454467548354
-1.0532106821705516
-0.28491321131623965
0.2726234269132917
-0.07260045926782088
0.7906214382480374
0.461525409941267
0.22986396794321037
0.13324490973788997
-0.9468510196917795
0.851068741581137
0.45487977980954747
-0.24988650621019526
-0.08120803593358485
0.01683889972505405
-0.9728266592539355
-1.6168464470221848
-1.7924383298043343
-0.41456938409207816
2.2550977839878685
0.691072115723114

-0.20716752614506773
0.3174647018413225
1.890284153021108
1.6919286301433318
-0.42879402794828986
0.8503466638144376
-0.8227973161342335
-1.2046416318000492
-0.19487737140533876
0.9752379493023334
-0.14750048988229333
-0.6581211267485132
1.8554738084839337
-0.6301800796862095
-1.8225821638009365
1.0261198997253904
0.9012412049723738
-1.8466413345428714
2.3317659804636826
1.730105088265171
-0.4597492412965374
-0.8635436033267622
-1.1003129640806164
-0.8893868913829563
-1.1232495866388363
-0.13759583120726396
1.5470810058673579
1.0211705758063616
1.2486587045899047
1.163368774359954
1.1287493621712237
1.3680026463482031
-0.23488581148390245
2.0310916610591274
-1.6328803606827562
1.0975635576517009
-0.6029695591596054
0.4989948232474826
0.732867194653275
-0.34508733256460344
0.14754669697617637
0.8925277023950646
0.10186324718018214
-0.2065343463097936
-0.132967702735239
0.3000037835566768
-0.6865290766120477
-1.0458579925333695
1.2193940767132914
0.5085231474536795
-1.648685630883493
-0.5235026405380181
0.7015427643053931
-0.23185282618128067
-1.4294155224515561
0.056828317690424346
-1.1337664680387904
-0.7953923027155633
-1.0900362427774128
-1.9145194201154894
0.8488527055126688
-0.3387863688638367
-1.0970052208604133
0.9339386882884851
-0.1847379205896635

-0.28966913001914
-0.7441852076148574
0.36152828951949045
-0.4547989108756302
0.40992867040149483
-0.21519762331416145
-0.3098551333657064
-2.344055127029429
-0.49694715292525365
-1.1568814986070566
-1.5201537836198569
-0.7685108390997062
0.8244123188848023
-0.42504328633554644
-0.5659598602196707
1.6063644535330714
0.6550226763576807
-1.0869141203444135
-1.8467714391996435
1.1467277862248868
-0.22609486256834702
-0.47475361398071797
-1.1233157916406717
-0.8607995114270751
-0.47555751373178556
-0.6240716297458865
1.9312167786044179
0.3585062217594888
-0.7597779161481245
-1.2174587870947244
2.121050451456659
0.028998072321042713
-1.7890740782336652
-0.7704246583600451
0.7034029361589856
1.3733429712930543
-1.411371723930006
0.23120039204838683
-1.120925539386537
0.636809297842245
-0.11201770273306293
0.2186266023884704
-1.2676675155815593
-0.40271988508804946
-1.5807506576981125
0.22068580096281232
1.201609403607533
-0.9684772016637448
1.7488892624631258
-0.1594340729264864
0.658673334332537
-0.40746565346332514
-0.5217134466028592
-0.45249609863962453
-2.0945283517357605
0.6150945062582152
0.08801808235217318
-0.8425577351121049
-0.40765155918994683
-0.7653827622969966
1.1359878561537191
0.679999571086037
0.8399792165256661
-1.8056957376093348
-0.8449288136041974

-0.5100766561588231
1.6570115749418959
0.07427061431407829
1.5003160394497097
0.7442503816830917
-0.32211531688936257
-1.4546981328669772
0.167291084717267
0.15584870648256513
-0.4239269548760285
-0.18331094709113527
-0.5608167982418134
0.8969905062836802
0.7670795837774096
-1.406504115579343
0.44438016459779595
-0.052976462369747956
-0.8762885869556339
1.3737117580181248
0.01054100815032323
1.3772517981460963
0.9560854761681076
-1.2963822202804012
1.7391008419670393
0.14427723951295152
-0.9554976472296892
-0.06512858551502343
-0.6373971397826226
-1.7249272222675112
0.3413553850258434
0.08136797956160939
1.6113234959543354
-0.5158048786683499
-2.106387606387517
-0.8863618328012189
-0.4088286668115156
0.9610556498251706
-1.3990433568547098
0.13218575418295464
-0.9899361639683248
-1.0037726549048955
0.46651885208346544
-1.3850295835722446
-1.7195628143849517
-0.6391893903866508
-0.011772500506166898
1.3991060120442884
-1.219577912828749
2.5462350879739977
0.16321988684559202
0.12304215366593212
2.0883662060177035
1.4328065109326558
-0.45249988126420915
-0.433679085627078
0.07741849024103215
0.6932123736471653
-0.14744684580454032
0.3554489924500456
-0.17164246463652505
0.44346030503744654
-2.278433903395168
-1.467331145932191
0.15359590116487254
0.36548210864330843

0.030256629087447057
-0.010016188939006998
-1.9337203183924263
-0.027190617601194247
0.17872600264541474
-0.9911005794335065
-0.9044546568870545
1.554008271003735
0.6430277687506053
-0.16848096242253988
-1.1785278886434638
-0.24232381216150325
-0.25366659837059574
1.4679339816655235
-0.5361207152353068
-0.7662063690654576
0.19863275315437467
-0.8543731664033659
-0.3334818178877276
0.06305443063512188
-1.8881669431068353
-0.08505403839677823
-0.5006349273758046
-0.7683943359411325
0.7978407435097731
0.26011248033908696
-0.6727052054515191
-0.7150032685707012
-0.2478903609007651
-1.7827327733887877
-1.6381800186189772
-0.7436454307293514
-1.522197552296732
1.5464435543561486
0.12284912057334252
-0.8783750345112569
0.677468625588842
-0.004242752886682147
0.648458362223787
0.8276286958046578
-0.3139326721311331
-0.012396952169443972
-0.5352061115550653
-1.049141568437113
-1.1680684952081253
0.4742846732131392
1.598883320862322
1.624943289571634
1.2492451454275122
-1.0540894420086282
0.5053446026324447
0.5169835113111164
0.6341215253785298
0.22939659166300386
0.7406182044690695
0.9629453178054511
-2.1580489281978013
-0.387456954102848
-0.7560762162849172
1.5523825105530058
0.7376281646596323
1.5237651964853827
0.306583496363571
0.4925880147574085
0.6491722960770248

0.039810930478838526
-0.08030151497445377
-1.3539042915853907
0.4501705577396361
-0.07403132921430666
-0.7034913038727091
-1.0924005885596526
1.3445131766915508
1.306775722801041
0.8229763472876024
0.006091028181019076
-0.8915862160205851
-0.06431999291818198
-0.6596610118801426
1.5546731920714432
-1.486548473133214
-1.0978226000499984
0.4607956019456008
0.2767050408450072
-0.043484106047761685
-0.9051955793575059
-0.5870510642106229
-1.3262949567428843
-0.49650522351546694
-0.3914840140256061
0.6415233014916792
-1.2494549402581707
2.5207571042308805
0.09922818682362118
0.1776381769626387
0.03346842957924579
-0.021299124549300524
0.4117974769107676
1.0824751005466122
-0.7989597790806573
0.13854288533592293
-0.1478214565077025
-0.16351781779721547
0.9756183554358209
0.38462683604341497
-2.480132877916716
-0.17105091507379502
-0.3186754543834974
0.907290942505864
-1.4727409906219993
0.42554360233757776
-0.36254772815005365
-0.19006566814739323
-0.15109378938757834
0.4698571190554052
0.7400769584013082
1.3526052224962835
-0.7549620421516188
-0.3739847229231131
-2.775819477629283
2.177429104719517
0.9537920774190398
0.2912347958632815
0.1779008689900095
-1.0691169337224748
-0.115605970037697
-0.392846699748147
0.8784799537468715
1.6486630791792092
-0.11830802154297575

0.09147373422729357
0.5079191785755236
-0.0751203187736634
-2.682697282224074
0.18858407502366528
1.6932322680662297
0.31706529474595174
0.7134975135348651
0.013996216457588985
-0.484528866698208
-0.2623225158979696
-0.3479245881026034
0.33358404963324395
-0.48816604156968596
0.2829262272414775
-1.1403299529804156
-1.7988500076231062
0.5436583609946288
-1.4133128334329526
-0.08145783656099786
0.7141969025981997
0.03500813950078194
-1.014339952064264
0.061957183325679545
-1.913881372798205
-0.7063798871434372
-0.16593426019373933
-1.2849390999736447
-2.3430535935544166
-1.9893898538637278
1.6216593656447653
-0.01575911661014168
-0.7469228196233096
-2.0296548775121845
0.2602443006828198
-1.3023836754500278
-1.1166541440964808
-0.7997388507732447
0.3663411901066027
1.0795566577076652
0.34860544598323
1.1138990290055921
-0.5377776951843379
-0.9935386731854013
-0.40944847865869993
2.125032241923891
0.23264905525496107
-1.0937349941464987
-0.3848096699692163
0.502635061970763
0.31343696367190055
0.5887611208266332
0.19519450713226788
0.527640685523024
-0.5617249462424452
1.4701785273627923
-0.0669197225088554
0.0624546216660864
-0.8212674388094618
-0.8298112405142921
0.3973210472236661
0.29714273110363515
0.5428885544944231
-1.5349188386781447
0.2577415651752079

-2.096973423219095
0.9430392314257989
0.09689025195771436
0.9507389579073278
1.504559503326424
0.13319396234784955
0.5079415727208507
1.1898112898327218
-0.5266953442339466
-1.8033799218431645
0.032879494826819455
0.1059060222700869
0.8115056764956161
2.6783575888712496
1.445218427348147
1.4893683071592037
0.3932791149625413
0.18441858039228054
0.36944845274456845
1.503830296112701
1.1671309442965938
-0.8484663435772788
0.3642219433213836
-0.4809113822880669
-1.281957015158463
-0.5148431995809116
1.7738510638412905
-2.1758466477995446
0.7311363122321282
-1.1865184457438998
0.407957969178479
1.3826366286593599
0.7896542000619661
-0.4122632523608689
0.9244157251100992
0.0372268808733615
-0.9695537270888869
1.3327985343050033
2.0150649427685763
0.8723815563266151
-1.096239314177334
0.4461321104154875
-0.9166952387926329
1.7869503189356755
-0.025189366195077348
1.4360991793796873
0.6420528125671219
1.0639046345000904
0.47378798635353037
0.4329925252866774
-0.6593718405219875
-0.3509970883386132
1.5187830459699452
0.9152394097034148
0.2876244925002976
1.0595360204722322
-0.9896196262712296
1.084193950528199
0.7167994231108887
1.2130716202272538
1.4321091155789518
-0.5871682029295668
0.7753804745099904
0.6856822658020773
-0.04154091322296672

0.15087791066630016
2.0623074793107157
1.3809813852056996
-0.6478361704762018
0.9554042302007525
1.172428017184501
0.09059315781173992
-1.3393712713015098
-1.1442962088440582
1.0347289981818288
-0.2696681213711451
-1.280159877184866
0.8525775336846284
1.0263191451453104
2.321215220227834
-1.1152001703053795
-0.7075355750563802
0.24006654420932183
0.2518434499451481
-0.4052761789256258
0.5193036427905597
-1.1696413393885392
0.0447051211316217
-0.9901674193449677
1.1616167366464665
0.5553670077302627
0.22565602905932633
0.2481349682287623
-0.8680093646514442
0.7805881124600536
0.1931443979578435
-0.3876296374972167
-0.014603407283858423
0.37850690544137205
0.31773738300460114
1.4468208668859286
0.9126151755829987
-0.19751403927319697
-0.2174235965881758
0.347637371776036
-0.7783320430852172
0.23474993321947157
-1.7612004793794536
1.1835752908702508
0.4256044116051625
-0.27714027737847413
-1.4529598635564267
0.9801852772351958
-0.38592419186890026
1.0723306147536935
-0.07581941996409032
-0.19552494228720868
-0.9147396479048001
0.5861296171859632
0.09448541952369885
-0.21699089053051188
2.396486656532922
0.20193387099485602
-0.9544640191732924
0.3216110531492999
-0.3051638379235942
0.08417452447206376
-0.4341831469431505
0.7626230395658061
0.13887413144401428

0.6188415833195844
0.5919231512856861
0.6717485386519452
-1.3939317809709533
1.3414676843530426
0.904018872074557
0.6480034397129107
0.8379966031528069
-0.6420028885175861
-0.5141099672549942
1.0019417018428365
1.2402806821050558
-0.5702456961367162
0.28803007265066466
-0.6292777147665658
1.1048363391206106
0.7097968823890518
-0.3039572243536992
-1.092607840778008
-1.2051479572624264
0.8199120175123682
1.0019059604326643
1.1538238475650469
-0.242051727405216
0.1321137553088801
-1.1159930597521082
-0.8839529784314648
-1.3155150154258257
0.030909350578968188
-0.6433152675597913
-0.3709680292160616
0.6719916504616068
0.7410166538451981
0.551933197120811
-0.7688517319504812
-0.0099474147984391
1.964116803168081
-0.1510603976538342
-2.1850016206101937
0.7106717087407344
-0.3430179678395574
0.8413042775315347
0.09063006378420918
-0.2058698579184496
-0.7216791800048301
0.8941529951449955
0.08808873647191723
-0.7596143870890739
0.7533114458855147
-0.5388577614558571
-1.1669962570622996
0.4688027705776437
-0.39051706973283173
-1.2317025630436276
0.6084980751509129
0.6689820944186193
-0.1715204397527892
0.12800532208964674
-0.8291422451370244
-0.7811217757808292
-0.3881260757715964
-0.6420393235846769
-0.43252060953247706
-0.9594570904250338
-0.07509908808050811

0.6846562693238482
-0.6196710320640582
0.4204378328400241
0.8423339140905391
-0.9435312927829053
-0.2840023244547594
0.45213639328607624
-0.4861381647469321
1.338390073526403
0.48630823100888027
-0.08876627894998781
1.0817799944593804
0.0519266230515312
-0.532085041921681
-0.07233231931767418
2.5706682453798546
-0.23607441654748237
0.0011910190799984807
-0.64904973940046
-1.48975714912036
0.029372320340700284
0.46049448874052396
2.289841966191584
-1.181542059449138
-2.5297467876396653
-0.39348643815524253
0.11663995927060142
0.35071147756277643
0.9647073670867019
-0.5078590549357498
0.8547816459301983
-0.5083153371544056
-0.9197290084966696
0.09641124896203027
1.4969624662089112
-0.6938181390952167
-0.3359118173491785
0.5327005979943179
1.2612423435746667
2.878556699234718
-0.02455764538717697
0.008108248507431323
-0.8095332414870241
3.036676499589665
0.9592380500166345
-0.30675595150483687
-0.28345733259664496
0.5860722421411909
-2.0097322317976363
0.5345486060855925
1.179055094513577
0.22333637163511136
-0.7617855416693302
1.1280721006361738
1.1463463140872132
1.1396659552812223
-0.4157802329535043
-0.25032343097541726
0.17630355194137265
-0.36582991030780376
1.4184150480084057
-0.7493889562933892
0.23715030046001923
-0.28197616275976894
0.7542305250631476

-3.138260778642711
-0.238242983662753
-0.32429598758647327
-1.3045083402813737
0.8370556982320315
0.5042003452632088
0.1619011217671035
-0.9714321905284006
-0.8215092981946723
0.12188536074120539
0.5333638005788924
-0.32765471562623244
0.5857160818572243
-0.3778514771519338
0.6758647045077335
-0.6892040973101287
1.2969147850561564
1.2562082344703098
1.0005698262427682
-0.43064634598354135
0.24647289735939243
-0.6277516966167906
0.1241079031259255
1.2951236777899853
0.23373321492065025
-1.563493693887845
-0.670603124761126
0.9193505202142929
-0.27307699729876767
1.5506294407098091
-0.7944051810926452
-0.4036151872964144
0.14949878920597184
-0.1261195702459839
1.948146378349518
0.18988469752614157
0.7531646323510514
-0.7877935642938598
0.45151548661887836
-0.29575602850148475
0.8204042117805168
-1.0334693359208023
-0.9823283780473572
0.2166584974492385
-1.6408193547956627
1.3158291037244318
0.7919025760446854
0.8993576704085208
-0.7629168885674982
1.1881858013508049
0.5052734320238592
0.21789525504630375
-0.37604342405405455
-0.9928105598502899
0.6485493982678718
0.008570999184643784
-0.32585498189235507
0.16617999643723524
1.676672828771525
0.18937534648746396
-2.144646394206011
-0.7421555003380358
0.1261444826594893
0.24483854692385842
0.8665425319196614

0.401908026448667
-1.7752093123616421
0.4739529629857939
0.46911941467547097
0.1439428274774002
0.04114254687142534
-0.012632947508096053
-1.2499567960767748
0.9259194468056693
-0.7812091349469841
0.5640978750750215
0.2850208722726794
0.5350237288216543
-0.6512447624081746
-0.8331072563573734
-0.7589313478169959
0.22772860309588264
1.5622373380859795
-0.8071322886088065
-0.7594134297490316
0.5489071023122046
0.3893113472434263
0.8083016700300478
-0.6142717082583329
1.2517492522757923
0.9250932035208176
-0.3513312766099191
-0.3842002398257289
-0.09993427344173655
-1.2964646309555568
0.46068675784166735
-0.42064296728279027
1.5007000749550663
-0.8634761520474686
0.6043155384787992
1.0350755141300623
-1.0301591045372742
-0.12492443321845041
-1.1827053072661722
1.0952675593272871
0.058834279520758606
0.5830397865709697
0.051392309726202824
0.8343634296780134
1.317300257275955
0.5696320070287996
0.7610467329521294
-1.6261048850533666
-1.5168427735324506
-0.8762026075905335
0.9795054789292114
0.7423412082995042
-0.5628770337001968
-0.7326050248395471
-1.8065841002283844
-0.4754600018875335
-0.009345023683277956
-0.00918765991746273
-2.1087993173563424
0.3955133658146245
-1.1477911585102683
1.579776285235924
-0.9552921386535959
-0.5090226803949386
-0.7767076885267353

-1.7471633705618843
-0.13692670531652035
-0.709021182788033
0.5298611922629062
-1.048865151584186
-2.163015318568291
-1.2702699792828949
-0.1697124994083619
0.04627733711765176
0.36733280563856774
-0.40966049588194525
0.37236712042537184
1.4062660201826207
-0.7779263084090834
2.6218823433227567
-0.0416621671145481
-0.29765292017052203
-0.09313306159842247
0.39250405736776056
-0.8702287138460215
0.5511836565152619
1.4113728724511356
-1.322508330798924
0.24280643708437255
-0.4536491456901203
1.3699744407007002
-0.013863387803402183
-0.8365291190346824
-1.7078768157631812
-0.850741282989847
-0.5520780854164705
1.2810880008246062
-0.051261272128429056
0.8440995819253435
0.19208885980300694
-0.9954502349440919
-1.095959350094369
-0.6837293084055568
-0.5270812496532331
-1.0807375941186015
0.9236160302576358
1.9354209926392698
-0.6282567205716029
-0.5015406981067053
0.56189277012341
0.06099925412817755
-0.09659671606410858
-0.342146539039413
1.069076317168575
-0.26093383916082596
0.05845821589903772
0.16418558371400072
-1.2504227622410595
-0.44383677821842044
0.6097111244174752
0.937720900514027
-1.3778898646613202
-0.07252327444205285
-0.14788893608518452
0.857282479368136
0.02755905732943852
0.7110331298355798
-0.04487869720181811
-2.6361756952344435
0.16572674580715102

-1.1797662275591114
0.3022810717423953
-1.3929681251618513
8.99122662538247E-4
-0.4747381604637339
-2.7811354757278215
1.391181352895659
-1.3768064421759527
1.5643588784471067
0.6372238615112077
1.0747518006209178
-0.2626948551668621
0.42712616150822585
-1.6620010886652525
-1.2345887958451063
-1.6155610180728994
-0.7976140569219253
1.5856590864451303
0.1583804980434236
-1.072881938105392
-0.1301446746803904
-0.4655602951345066
0.6847665335498644
-0.6899003661182874
-0.7014662163565074
0.9876645701936348
-0.6902595464917607
-0.8463962975708612
2.148267268139817
-0.9122368546105156
0.08577896752941137
-0.011757255852592607
0.12359223956767162
-0.555595047494929
1.0581613487422923
-0.9001638892376268
0.14261819311585183
-0.870582089488121
-0.37277139553734023
-0.02543837769501596
-0.3963519605271537
-0.7283741418732629
0.6726752515521754
1.7818616422541544
0.9055354162950776
1.705653794445883
-1.0235844830243976
-1.9261753862532824
0.24356859350055374
0.7045636129572513
0.5015839463537871
-0.7888652973562241
1.271315495163228
0.40747709435770296
-0.980045833108661
-0.41900583198976166
-1.5574482499533095
-0.04477590100970947
-0.8042998439604672
0.9448239823494542
1.4954536949367148
1.0467327962906987
-0.5926692444738263
1.8822274754466568
0.6087993555865071

1.3367356786165536
-1.6421488004448899
-1.1846216977238084
1.9281844680347446
1.02017179073121
-1.0813836908636294
-0.6345433283667239
-0.08690620754573045
-1.558801620648466
0.7753938079499525
-1.7901350604117165
1.5503312671063423
-1.2232762714727443
0.1495719786585747
-1.1097015363191791
-1.2403000145328742
0.06796971374181081
1.0312532569863209
-0.6667187902388411
-0.8417997218695847
-0.5944170384504183
1.130371711411914
0.6020162920908039
-0.9595871117555422
0.23879013177308056
0.01953643538398017
2.168186450534559
-0.3364405131744854
-1.2090603287472892
0.967796222692597
-0.1451536606189919
-2.4943534225387762
-0.2046349890479587
1.956517242223495
0.5299461414220448
-0.3969980152752875
-1.0204521702409173
1.439999364813045
0.6439076131864683
-0.1591926703640437
1.0631980163511867
-0.18323918250061647
0.020296507842242833
-1.2858131530205268
-0.11107636853626726
-0.7460676369994855
1.4312641347488424
-1.3023060545349983
2.0795323561273302
-0.7425726035477467
0.014046994932028376
0.07591698075408114
0.1866018820553731
1.547136920674488
1.069116858646177
-1.5301521995568692
1.1989943451840983
1.0995280709344808
-0.8867609371819368
-0.16976770250668385
0.07387115106962353
-1.97129986120632
0.15199486246359037
-0.6200856431945118
0.9526903200711251

2.638020297306957
-0.052118180203634006
0.22364071195120042
1.283395440754819
-0.6286376069914265
-1.0368179691463537
0.31131586774623976
0.5868462354240985
-2.2660158811915694
-0.18357191318792773
-1.9382802630139682
0.9052235590626231
-0.04208354007895351
0.011114202790652252
0.5227968629639411
-0.9318878987960417
0.9406348544874968
-0.390146424536623
-0.160499590794576
-1.7574168361317004
-0.45703604579253704
-1.0205874700628266
-0.4078177305061228
-0.9650444718226534
-0.5105569615893357
1.092239820472754
1.1624357722474594
-0.30555697270373194
0.5401467530216333
-1.0232665318772536
1.8989377259798017
-0.2621749557555789
0.08528368710866614
0.625186840045039
0.5371597165581525
-3.0292492034916685
-1.8755059087973844
0.43241378190302476
0.5982198463529131
-0.6777403327026773
0.25713046278547586
-0.7666862153066979
-1.5272336183637583
0.8201505966224156
-0.17541801202269863
1.045904739029426
-0.045893427340407425
0.6626179892809552
-0.3536324935027284
-0.2011391677691349
1.3685323262922917
-0.14109627051671467
0.5570701008015986
0.904905155213113
-0.25558085366607763
1.2742566933963289
0.49777113996590644
-0.6349485563288711
0.6638900646276852
-0.27384844461550323
-0.31492078409742674
0.7472381233753522
-1.3737922049612508
0.31994051115815847
-0.1236830901875881


Layer 1
-0.9947610109702661
-1.4049839003179618
-0.7698959852239173
1.21436795158393
-0.023254023305214287
-2.236106349323382
0.242698519163419
-0.2805542864688498
1.758757292851703
-1.6014797997321057
-0.8942010004011353
0.20006651803558329
0.11445167493441813
-1.4843350007552303
1.1979750937403286
1.29092203388679
0.33925488190960745
-0.5187045549545385
0.6971094061991929
0.5128899702503048
0.17903283655107635
-0.9817834601089214
0.38539684277280234
0.30837139951264175
-0.09115187930234311
0.9631357931260224
0.9766787419995039
1.5892816470132436
-1.466859041269721
-0.8706846763228391

-1.8844815717437815
-0.26431502047122074
0.4698573902041753
-0.17294652213849931
0.5602090346103468
-0.3767676341430703
1.24399975814607
2.2358125304446794
-0.6367406449122348
-0.6704589261489544
-0.7950465053195227
-1.1669763215055997
-1.1729293785736803
-0.2930248236576562
0.48124168248648147
-0.04879436411132112
-0.6944176755358883
0.1566761046007126
0.18422367081957466
-0.5942271550337207
0.1826184475634018
-0.18390955785332505
-0.16993338329809624
-0.20898692902723748
0.7048733323769518
-0.8756059059572625
0.09599977191583614
1.1081892338257893
-1.579133641647874
0.6067833840535807

-2.0713620645517317
0.7742280355047851
0.6511966698745375
1.2374099966391252
1.3815813730245912
1.314302145730125
-1.9690865532895816
-0.8586870956677086
1.127723976073143
0.31017769792934824
-0.09344191525476221
-0.26440711427301006
-0.5174899394629345
-0.3608739637721515
1.8127271141525518
0.27971677916962384
-0.4654279907887767
-1.6258566752783035
0.14602725768461686
0.27388339871703327
0.3545704477497155
1.3643562901641302
1.7009479925133353
-1.4698597465958936
0.9588213258339991
0.041501365428949985
0.7315141039222134
0.3410048950747676
-0.15001152565280046
0.01459930209541631

0.9747362673776586
-0.5547260538887131
0.42725043029419957
2.061517090571726
0.7132093795827081
1.5450690150914186
-1.2147505728809274
0.41258210004430895
0.25695980745275276
0.7415800488599192
1.1361470224536967
1.3973917230059876
-0.31531123679444173
0.4575190656746067
-0.04365957076170227
-0.6202992073689587
-1.0789124376876535
1.3900611028668177
2.0803652623789315
0.2375865311691305
-0.7901932800658316
-0.9020368284990989
-0.19990496149009768
0.5001840213891544
-0.1311070165730174
0.7242909146514114
-1.0286514749178632
1.6653157031329766
0.5119928994296321
-1.2346547510238723

0.33500334084343797
0.8836406245056888
1.0094377550897624
1.3840392113533568
1.0819901918734889
-1.762719826653311
-0.09252762024965784
0.1101449041181079
0.38563889181099903
0.5689782139409447
-0.026879460670059214
0.44464626802678353
0.11262919124065757
-0.2793695782339056
1.0333329623647582
0.9050239326560884
0.19227617099376904
0.4165713205057332
-2.0130661596414456
-0.020621995293555295
0.5748850318208077
-1.4610732779113658
0.3521672940924916
0.15729556312920845
-1.4153469736016253
-1.1847431366888894
0.09868281709240895
-0.9160457301497964
0.014119359198774193
2.082835079577871

0.3285835563511099
0.30651006397583286
0.9808678551566677
-2.734352684023363
0.36858523573529467
-1.38050051322911
-0.7548615851843566
-0.377720047746702
0.6308696535655518
0.9054432958277511
-0.11537076220097073
0.3378811766002057
-1.066988566129478
0.06031132305206439
-0.27029298509438804
1.4949913983330214
1.3891761313720516
1.1778601599100569
1.638623986613806
-0.5422763470345419
-0.3802425913192353
-0.9483330547923039
0.3212424127721081
-0.4649625873614683
2.4525090839958428
0.12370492420580963
-0.6438471560953046
-0.10779652001229155
-0.5188687899194478
0.7095340525484248

-2.686177890603743
0.951234813764536
-0.4885968994903472
-0.9774518630596448
1.4843518978737724
0.09472375821242657
1.0561245541871789
0.9104250604868716
0.9866284932527463
0.06860095013609463
-0.5515893800591464
0.10194486544719106
1.5252224956293405
-0.7267713843563555
-0.03366367454099614
-0.14323602620101894
-0.0347694895623204
-1.8973608258101582
-0.21506398162947427
-1.1819448509074635
-0.8634717332363379
1.084844290749782
-0.07143115353661325
-1.038811260003354
-0.4411101475750978
-0.010883044600160822
-0.21366194568526345
-0.5552128306239119
-0.5618205323567618
0.26318434483881453

0.48551613969846136
0.0788538073613686
-1.9675716068504754
-0.6396114953557158
-0.6474457357580851
0.7660210985081946
0.442131794810875
-0.7481245293159619
-0.8018075325253812
0.13714630168227043
0.7270323458464881
1.1334746923442665
0.6930365471252197
0.1735398104571605
-0.2461595657183908
1.213405170632561
0.4673226727857514
0.5431282593422995
-0.7414518004315268
1.2046138231527082
0.4279580132147254
1.5978754030390283
1.1378860969492612
0.20641776416677318
-0.07353847152101736
0.7065119883707229
-0.032614601123407284
0.5171435840222707
1.9892941419763916
-0.14343301446768472

1.5905167693477873
-0.031525556758435394
1.475893552406286
-0.02201843088973319
1.215795405441196
-0.3115240920088446
0.5895836409138092
-1.039614760971013
0.2468650131963087
0.444759855826816
0.8230318962218781
2.3509573855532206
-1.0430027684086252
0.7860012724803992
0.4245258007091988
0.011386741890634614
0.2238157499604348
-0.14778205805512754
0.09901928873996088
0.3026365000744094
-0.8685865988214303
0.04869663308597334
-0.6485610517325652
0.2560196692749266
0.32397687057525104
0.5024741411101664
-2.131043960934218
-0.18426881103135473
-1.0329377451793904
0.12504116824662137

-1.6252380176708956
-0.003964208093901893
-0.6093227844789806
1.430249534967772
0.9798571092579237
-1.9340018465600934
1.0296313153919132
1.2467157048313626
-0.9965488476611181
-0.7380688457778363
-0.8167057789540496
-1.2756591816353664
0.5908654096449866
0.977188673614889
-0.004818141234357493
0.25050164819510184
-0.8361264939602848
1.3024988799972497
0.11919826566153058
-0.27208721429754334
0.42103140315982013
-0.005963041094609924
-0.14781130670901957
1.5718903930508443
1.6174257371391323
-0.5443535820182769
1.0812731659750074
-0.28078652390371034
1.2516912738049368
0.569377528821816


Layer 2
-0.5140337236922181
0.024735786784147302
-0.6860472173079584
-0.324165657629065
0.8824908627919476
0.5396459879156665
0.4739432114100045
-0.9046005144880098
-1.4864470043478406
1.9906337339087852


Biases
Layer 0
-0.18671575508018173
1.3141697089975852
-0.39254610923560146
0.23696512027139188
-0.4279219617135639
0.8991629549174097
-1.9461655478133801
0.7843409707268886
-0.6152276343726848
-2.3313964997940757
1.5685033033430236
-1.0030338085498458
-1.4731155029165104
-0.4441394740159104
0.7395878152563775
-0.7881785426053761
1.3054011001155301
-1.001823761904624
0.07884707054927685
-1.405088153058895
-0.4155410027881225
-0.9398089543978853
1.1723590275910027
0.9011297695137864
0.8070415153308912
1.516544122288099
-2.1840002618557497
-0.03916145152364406
1.6802415837234022
1.6921930121367688

Layer 1
1.5625685568318954
0.6661789666737855
-0.2758468198020222
-0.36401195808125997
-1.259502408130733
0.031249226879183013
-1.2750937627832821
-0.1730250859914081
-0.21735435069621067
0.2374241833885421

Layer 2
3.055848669401704

END